
*************** PART 1 ***************

[ ]
[ 0 0 0 ]
[ 1 2 3 ]

[ 3 2 1 ]
[ 2 4 6 ]

*************** PART 2 ***************

[ 3 2 1 ]

[ 2 4 6 ]

*************** PART 3 ***************

[ 2 4 6 0 0 ]

[ 2 4 6 0 0 ]
[ 2 4 6 0 ]

*************** PART 4 ***************

[
]

[
[ 1 -1 2 ]
[ 0 1 0 ]
]

[
[ 1 0 ]
[ 0 2 ]
[ 4 2 ]
]


*************** PART 5 ***************

[
[ 1 -1 2 ]
[ 0 1 0 ]
]

[
[ 1 0 ]
[ 0 2 ]
[ 4 2 ]
]

*************** PART 6 ***************

[
[ 1 0 ]
]


*************** PART 7 ***************

[
[ 9 2 ]
[ 0 2 ]
]
